3024,1
3025,2
3026,3
3027,3
3028,3
3029,3
3030,3
3031,3
3032,3
3033,3
3034,3
3079,3
3085,3
3086,3
3087,3
3088,3
3089,2
3090,3
3127,3
3128,3
3129,3
3130,3
3131,3
3150,3
3152,3
3155,3
3156,3
3157,3
3158,3
3161,3
3164,2
3165,3
3166,4
3167,5
3681,3
3682,4
3683,5
4197,3
4198,4
4199,5
4713,3
4714,4
4715,5
5233,3
5234,4
5235,5
5301,5
5367,5
5433,5
5499,3
5501,2
5502,3
5508,4
5512,4
5513,5
5514,6
9612,4
9615,3
9619,4
9620,5
9621,6
9689,4
9690,5
9691,6
9758,4
9759,5
9760,6
9826,4
9827,5
9828,6
9829,7
9832,7
9835,7
9838,7
9841,7
9844,7
9847,7
9850,7
9856,5
9857,6
9858,7
9861,7
9864,7
9867,7
9870,7
9873,7
9876,7
9879,7
9883,5
9888,5
9893,5
9898,5
9910,4
9911,5
9912,6
